2.0042
2.0043
2.0044
2.0045
2.0046
2.0047
2.0048
2.0049
2.0050
2.0051
2.0052
2.0053
2.0054
2.0055
2.0056
2.0057
2.0058
2.0059
2.0060
2.0061
2.0062
2.0063
2.0064
2.0065
2.0066
2.0067
2.0068
2.0069
2.0070
2.0071
2.0072
2.0073
2.0074
2.0075
2.0076
2.0077
2.0078
2.0079
2.0080
2.0081
2.0082
2.0083
2.0084
2.0085
2.0086
2.0087
2.0088
2.0089
2.0090
2.0091
2.0092
2.0093
2.0094
2.0095
2.0096
2.0097
2.0098
2.0099
2.00100
2.00101
2.00102
2.00103
2.00104
2.00105
2.00106
2.00107
2.00108
2.00109
2.00110
2.00111
2.00112
2.00113
2.00114
2.00115
2.00116
2.00117
2.00118
2.00119
2.00120
2.00121
2.00122
2.00123
2.00124
2.00125
2.00126
2.00127
2.00128
2.00129
2.00130
2.00131
2.00132
2.00133
2.00134
2.00135
2.00136
2.00137
2.00138
2.00139
2.00140
2.00141
2.00142
2.00143
2.00144
2.00145
2.00146
2.00147
2.00148
2.00149
2.00150
2.00151
2.00152
2.00153
2.00154
2.00155
2.00156
2.00157
2.00158
2.00159
2.00160
2.00161
2.00162
2.00163
2.00164
2.00165
2.00166
2.00167
2.00168
2.00169
2.00170
2.00171
2.00172
2.00173
2.00174
2.00175
2.00176
2.00177
2.00178
2.00179
2.00180
2.00181
2.00182
2.00183
2.00184
2.00185
2.00186
2.00187
2.00188
2.00189
2.00190
2.00191
2.00192
2.00193
2.00194
2.00195
2.00196
2.00197
2.00198
2.00199
2.00200
2.00201
2.00202
2.00203
2.00204
2.00205
2.00206
2.00207
2.00208
2.00209
2.00210
2.00211
2.00212
2.00213
2.00214
2.00215
2.00216
2.00217
2.00218
2.00219
2.00220
2.00221
2.00222
2.00223
2.00224
2.00225
2.00226
2.00227
2.00228
2.00229
2.00230
2.00231
2.00232
2.00233
2.00234
2.00235
2.00236
2.00237
2.00238
2.00239
2.00240
2.00241
2.00242
2.00243
2.00244
2.00245
2.00246
2.00247
2.00248
2.00249
2.00250
2.00251
2.00252
2.00253
2.00254
2.00255
2.00256
2.00257
2.00258
2.00259
2.00260
2.00261
2.00262
2.00263
2.00264
2.00265
2.00266
2.00267
2.00268
2.00269
2.00270
2.00271
2.00272
2.00273
2.00274
2.00275
2.00276
2.00277
2.00278
2.00279
2.00280
2.00281
2.00282
2.00283
2.00284
2.00285
2.00286
2.00287
2.00288
2.00289
2.00290
2.00291
2.00292
2.00293
2.00294
2.00295
2.00296
2.00297
2.00298
2.00299
2.00300
2.00301
2.00302
2.00303
2.00304
2.00305
2.00306
2.00307
2.00308
2.00309
2.00310
2.00311
2.00312
2.00313
2.00314
2.00315
2.00316
2.00317
2.00318
2.00319
2.00320
2.00321
2.00322
2.00323
2.00324
2.00325
2.00326
2.00327
2.00328
2.00329
2.00330
2.00331
2.00332
2.00333
2.00334
2.00335
2.00336
2.00337
2.00338
2.00339
2.00340
2.00341
2.00342
2.00343
2.00344
2.00345
2.00346
2.00347
2.00348
2.00349
2.00350
2.00351
2.00352
2.00353
2.00354
2.00355
2.00356
2.00357
2.00358
2.00359
2.00360
2.00361
2.00362
2.00363
2.00364
2.00365
2.00366
2.00367
2.00368
2.00369
2.00370
2.00371
2.00372
2.00373
2.00374
2.00375
2.00376
2.00377
2.00378
2.00379
2.00380
2.00381
2.00382
2.00383
2.00384
2.00385
2.00386
2.00387
2.00388
2.00389
2.00390
2.00391
2.00392
2.00393
2.00394
2.00395
2.00396
2.00397
2.00398
2.00399
2.00400
2.00401
2.00402
2.00403
2.00404
2.00405
2.00406
2.00407
2.00408
2.00409
2.00410
2.00411
2.00412
2.00413
2.00414
2.00415
2.00416
2.00417
2.00418
2.00419
2.00420
2.00421
2.00422
2.00423
2.00424
2.00425
2.00426
2.00427
2.00428
2.00429
2.00430
2.00431
2.00432
2.00433
2.00434
2.00435
2.00436
2.00437
2.00438
2.00439
2.00440
2.00441
2.00442
2.00443
2.00444
2.00445
2.00446
2.00447
2.00448
2.00449
2.00450
2.00451
2.00452
2.00453
2.00454
2.00455
2.00456
2.00457
2.00458
2.00459
2.00460
2.00461
2.00462
2.00463
2.00464
2.00465
2.00466
2.00467
2.00468
2.00469
2.00470
2.00471
2.00472
2.00473
2.00474
2.00475
2.00476
2.00477
2.00478
2.00479
2.00480
2.00481
2.00482
2.00483
2.00484
2.00485
2.00486
2.00487
2.00488
2.00489
2.00490
2.00491
2.00492
2.00493
2.00494
2.00495
2.00496
2.00497
2.00498
2.00499
2.00500
2.00501
2.00502
2.00503
2.00504
2.00505
2.00506
2.00507
2.00508
2.00509
2.00510
2.00511
2.00512
2.00513
2.00514
2.00515
2.00516
2.00517
2.00518
2.00519
2.00520
2.00521
2.00522
2.00523
2.00524
2.00525
2.00526
2.00527
2.00528
2.00529
2.00530
2.00531
2.00532
2.00533
2.00534
2.00535
2.00536
2.00537
2.00538
2.00539
2.00540
2.00541
2.00542
2.00543
2.00544
2.00545
2.00546
2.00547
2.00548
2.00549
2.00550
2.00551
2.00552
2.00553
2.00554
2.00555
2.00556
2.00557
2.00558
2.00559
2.00560
2.00561
2.00562
2.00563
2.00564
2.00565
2.00566
2.00567
2.00568
2.00569
2.00570
2.00571
2.00572
2.00573
2.00574
2.00575
2.00576
2.00577
2.00578
2.00579
2.00580
2.00581
2.00582
2.00583
2.00584
2.00585
2.00586
2.00587
2.00588
2.00589
2.00590
2.00591
2.00592
2.00593
2.00594
2.00595
2.00596
2.00597
2.00598
2.00599
2.00600
2.00601
2.00602
2.00603
2.00604
2.00605
2.00606
2.00607
2.00608
2.00609
2.00610
2.00611
2.00612
2.00613
2.00614
2.00615
2.00616
2.00617
2.00618
2.00619
2.00620
2.00621
2.00622
2.00623
2.00624
2.00625
2.00626
2.00627
2.00628
2.00629
2.00630
2.00631
2.00632
2.00633
2.00634
2.00635
2.00636
2.00637
2.00638
2.00639
2.00640
2.00641
2.00642
2.00643
2.00644
2.00645
2.00646
2.00647
2.00648
2.00649
2.00650
2.00651
2.00652
2.00653
2.00654
2.00655
2.00656
2.00657
2.00658
2.00659
2.00660
2.00661
2.00662
2.00663
2.00664
2.00665
2.00666
2.00667
2.00668
2.00669
2.00670
2.00671
2.00672
2.00673
2.00674
2.00675
2.00676
2.00677
2.00678
2.00679
2.00680
2.00681
2.00682
2.00683
2.00684
2.00685
2.00686
2.00687
2.00688
2.00689
2.00690
2.00691
2.00692
2.00693
2.00694
2.00695
2.00696
2.00697
2.00698
2.00699
2.00700
2.00701
2.00702
2.00703
2.00704
2.00705
2.00706
2.00707
2.00708
2.00709
2.00710
2.00711
2.00712
2.00713
2.00714
2.00715
2.00716
2.00717
2.00718
2.00719
2.00720
2.00721
2.00722
2.00723
2.00724
2.00725
2.00726
2.00727
2.00728
2.00729
2.00730
2.00731
2.00732
2.00733
2.00734
2.00735
2.00736
2.00737
2.00738
2.00739
2.00740
2.00741
2.00742
2.00743
2.00744
2.00745
2.00746
2.00747
2.00748
2.00749
2.00750
2.00751
2.00752
2.00753
2.00754
2.00755
2.00756
2.00757
2.00758
2.00759
2.00760
2.00761
2.00762
2.00763
2.00764
2.00765
2.00766
2.00767
2.00768
2.00769
2.00770
2.00771
2.00772
2.00773
2.00774
2.00775
2.00776
2.00777
2.00778
2.00779
2.00780
2.00781
2.00782
2.00783
2.00784
2.00785
2.00786
2.00787
2.00788
2.00789
2.00790
2.00791
2.00792
2.00793
2.00794
2.00795
2.00796
2.00797
2.00798
2.00799
2.00800
2.00801
2.00802
2.00803
2.00804
2.00805
2.00806
2.00807
2.00808
2.00809
2.00810
2.00811
2.00812
2.00813
2.00814
2.00815
2.00816
2.00817
2.00818
2.00819
2.00820
2.00821
2.00822
2.00823
2.00824
2.00825
2.00826
2.00827
2.00828
2.00829
2.00830
2.00831
2.00832
2.00833
2.00834
2.00835
2.00836
2.00837
2.00838
2.00839
2.00840
2.00841
2.00842
2.00843
2.00844
2.00845
2.00846
2.00847
2.00848
2.00849
2.00850
2.00851
2.00852
2.00853
2.00854
2.00855
2.00856
2.00857
2.00858
2.00859
2.00860
2.00861
2.00862
2.00863
2.00864
2.00865
2.00866
2.00867
2.00868
2.00869
2.00870
2.00871
2.00872
2.00873
2.00874
2.00875
2.00876
2.00877
2.00878
2.00879
2.00880
2.00881
2.00882
2.00883
2.00884
2.00885
2.00886
2.00887
2.00888
2.00889
2.00890
2.00891
2.00892
2.00893
2.00894
2.00895
2.00896
2.00897
2.00898
2.00899
2.00900
2.00901
2.00902
2.00903
2.00904
2.00905
2.00906
2.00907
2.00908
2.00909
2.00910
2.00911
2.00912
2.00913
2.00914
2.00915
2.00916
2.00917
2.00918
2.00919
2.00920
2.00921
2.00922
2.00923
2.00924
2.00925
2.00926
2.00927
2.00928
2.00929
2.00930
2.00931
2.00932
2.00933
2.00934
2.00935
2.00936
2.00937
2.00938
2.00939
2.00940
2.00941
2.00942
2.00943
2.00944
2.00945
2.00946
2.00947
2.00948
2.00949
2.00950
2.00951
2.00952
2.00953
2.00954
2.00955
2.00956
2.00957
2.00958
2.00959
2.00960
2.00961
2.00962
2.00963
2.00964
2.00965
2.00966
2.00967
2.00968
2.00969
2.00970
2.00971
2.00972
2.00973
2.00974
2.00975
2.00976
2.00977
2.00978
2.00979
2.00980
2.00981
2.00982
2.00983
2.00984
2.00985
2.00986
2.00987
2.00988
2.00989
2.00990
2.00991
2.00992
2.00993
2.00994
2.00995
2.00996
2.00997
2.00998
2.00999
